#Layer_Color=15314666
#
#Feature symbol names
#
$0 r1.9685
$1 r3.937

#
#Feature attribute names
#

#
#Layer features
#
L 1.0546063 1.6464173 1.0546063 2.0735827 0 P 0
L 1.0546063 1.6464174 1.1553937 1.6464174 0 P 0
L 1.0546063 2.0735826 1.1553937 2.0735826 0 P 0
L 1.085315 1.86 1.124685 1.86 1 P 0
L 1.105 1.840315 1.105 1.879685 1 P 0
L 1.1553937 1.6464173 1.1553937 2.0735827 0 P 0
L 1.8761417 2.1085039 1.8761417 2.2614567 0 P 0
L 1.8761417 2.1085039 2.1438583 2.1085039 0 P 0
L 1.8761417 2.2614567 2.1438583 2.2614567 0 P 0
L 1.990315 2.165 2.0296851 2.165 1 P 0
L 2.01 2.145315 2.01 2.184685 1 P 0
L 2.1396063 1.6414173 2.1396063 2.0685827 0 P 0
L 2.1396063 1.6414174 2.2403937 1.6414174 0 P 0
L 2.1396063 2.0685826 2.2403937 2.0685826 0 P 0
L 2.1438583 2.1085039 2.1438583 2.2614567 0 P 0
L 2.170315 1.855 2.209685 1.855 1 P 0
L 2.19 1.835315 2.19 1.874685 1 P 0
L 2.2403937 1.6414173 2.2403937 2.0685827 0 P 0
L 2.9861417 2.1335039 2.9861417 2.2864567 0 P 0
L 2.9861417 2.1335039 3.2538583 2.1335039 0 P 0
L 2.9861417 2.2864567 3.2538583 2.2864567 0 P 0
L 3.100315 2.19 3.1396851 2.19 1 P 0
L 3.12 2.170315 3.12 2.209685 1 P 0
L 3.1746063 1.6414173 3.1746063 2.0685827 0 P 0
L 3.1746063 1.6414174 3.2753937 1.6414174 0 P 0
L 3.1746063 2.0685826 3.2753937 2.0685826 0 P 0
L 3.205315 1.855 3.244685 1.855 1 P 0
L 3.225 1.835315 3.225 1.874685 1 P 0
L 3.2538583 2.1335039 3.2538583 2.2864567 0 P 0
L 3.2753937 1.6414173 3.2753937 2.0685827 0 P 0
L 3.9811417 2.1185039 3.9811417 2.2714567 0 P 0
L 3.9811417 2.1185039 4.2488583 2.1185039 0 P 0
L 3.9811417 2.2714567 4.2488583 2.2714567 0 P 0
L 4.095315 2.175 4.1346851 2.175 1 P 0
L 4.115 2.155315 4.115 2.194685 1 P 0
L 4.2488583 2.1185039 4.2488583 2.2714567 0 P 0
